0.05
152     25
78      24
70      25
56      22
61      23
72      24
101     26
154     28
205     31
0     34
0   37
0  39
0    41
0    39
0   35
-183    32
-142    31
-151    31
-153    33
0    34
0   28
0     22
55      17
24      14
30      15
59      18
85      21
97      25
102     29
122     30
154     33
275     35
0    29
-135    23
-63     21
-43     20
-39     19
-57     20
-100    22
0    26
0    30
0    34
0   36
0    39
0   42
0   44
0   42
0   36
-310    30
-137    31
-136    31
-104    28
-116    29
-94     29
-106    29
-139    31
-275    33
0       30
138     26
72      25
69      25
67      25
69      25
66      25
73      26
110     27
249     30
0   33
207     35
143     35
141     35
215     36
-321    37
-307    30
-214    24
-44     20
45      18
33      18
80      22
130    26
240    30
0    33
0    36
0    39
0    41
0    43
0   46
0   47
0   47
0  49
0   50
0   51
0   53
0   54
0       43
0    51
0    44
0    37
0    32
0     29
